-1.605514548640823158e-01 -1.605514548640823158e-01 -1.102993458482835233e-02 1.438764729268158377e-03 -3.960946252312595728e-02 -1.094083898676342925e-01 -1.897352281688657605e-01 -2.701439046387269505e-01 -3.216522280767381559e-01 -3.117058200517710542e-01 -1.606954350246481700e-01 -1.606954350246481700e-01
-1.605514548640823158e-01 -1.605514548640823158e-01 -1.102993458482835233e-02 1.438764729268158377e-03 -3.960946252312595728e-02 -1.094083898676342925e-01 -1.897352281688657605e-01 -2.701439046387269505e-01 -3.216522280767381559e-01 -3.117058200517710542e-01 -1.606954350246481700e-01 -1.606954350246481700e-01
-3.116311698318605661e-01 -3.116311698318605661e-01 -2.691200329121209295e-02 7.061911318230619516e-02 8.608240935555477868e-02 5.965420759611535922e-02 1.600495926118954138e-02 -2.026811814355177974e-02 -4.102112527980966011e-02 -2.702650107891806444e-02 -1.118325765948469282e-02 -1.118325765948469282e-02
-3.216217362315570427e-01 -3.216217362315570427e-01 -4.098930578203163755e-02 9.771317514364540047e-02 1.352995809442517072e-01 1.380468369401075812e-01 1.283538770152476138e-01 1.097215429409521964e-01 9.764107746632286200e-02 7.049624805387677551e-02 1.290650632689197864e-03 1.290650632689197864e-03
-2.701294629875904962e-01 -2.701294629875904962e-01 -2.026680531528576856e-02 1.097422407410342526e-01 1.580455949606589805e-01 1.651638663559299169e-01 1.644652339612700243e-01 1.580111117926221720e-01 1.352491017949416230e-01 8.598666662312404174e-02 -3.974953095013098597e-02 -3.974953095013098597e-02
-1.897365241936757874e-01 -1.897365241936757874e-01 1.601978438339179620e-02 1.283787626298897588e-01 1.645075125702161190e-01 1.705921287538141318e-01 1.705793457987709594e-01 1.651559707068588068e-01 1.380110183643794841e-01 5.958345515715744029e-02 -1.094482280950243025e-01 -1.094482280950243025e-01
-1.094034986786239921e-01 -1.094034986786239921e-01 5.971791408837922449e-02 1.381190521809051441e-01 1.651953774098079142e-01 1.706040476874574330e-01 1.705884037031294709e-01 1.644887233644451441e-01 1.283484895728507769e-01 1.600148977977604997e-02 -1.896904527567798149e-01 -1.896904527567798149e-01
-3.953703547839941546e-02 -3.953703547839941546e-02 8.618218471370356348e-02 1.353861629189511695e-01 1.580963182764892339e-01 1.645323617569461050e-01 1.651931644201659610e-01 1.580577848151630271e-01 1.097938964361201142e-01 -2.022660900461085640e-02 -2.700680017392646515e-01 -2.700680017392646515e-01
1.576349074929475928e-03 1.576349074929475928e-03 7.079391291427725164e-02 9.784984274975884466e-02 1.098555090923288846e-01 1.284222292435659718e-01 1.380759068802864531e-01 1.353255630136593335e-01 9.777506261906099283e-02 -4.090346761956015903e-02 -3.215486768221959002e-01 -3.215486768221959002e-01
-1.079146630916786795e-02 -1.079146630916786795e-02 -2.666387144683085228e-02 -4.078950040900529428e-02 -2.016574048128142588e-02 1.605701615127958642e-02 5.968940003897715840e-02 8.608342832452341165e-02 7.065222032041523770e-02 -2.682334053517817715e-02 -3.115016342290738427e-01 -3.115016342290738427e-01
-1.602746793114750157e-01 -1.602746793114750157e-01 -3.113195912708908164e-01 -3.214331765526726725e-01 -2.700007187672958109e-01 -1.896377868488076102e-01 -1.093750081791384221e-01 -3.962715205065053120e-02 1.413597912201890574e-03 -1.098045151134647082e-02 -1.604521606723386395e-01 -1.604521606723386395e-01
-1.602746793114750157e-01 -1.602746793114750157e-01 -3.113195912708908164e-01 -3.214331765526726725e-01 -2.700007187672958109e-01 -1.896377868488076102e-01 -1.093750081791384221e-01 -3.962715205065053120e-02 1.413597912201890574e-03 -1.098045151134647082e-02 -1.604521606723386395e-01 -1.604521606723386395e-01
