0.000000000000000000e+00 0.000000000000000000e+00 0.000000000000000000e+00 0.000000000000000000e+00 0.000000000000000000e+00 0.000000000000000000e+00 0.000000000000000000e+00 0.000000000000000000e+00 0.000000000000000000e+00 0.000000000000000000e+00 0.000000000000000000e+00
0.000000000000000000e+00 -2.136997998972680168e+00 -2.029767920931013325e+00 -2.015350191588664686e+00 -2.026526867273799493e+00 -1.978328559287822808e+00 -2.026371065021087325e+00 -2.015368354091783054e+00 -2.029126344090967038e+00 -2.137050261640759174e+00 0.000000000000000000e+00
0.000000000000000000e+00 -2.077782440969911715e+00 -2.051263592420515369e+00 -2.012087330080829073e+00 -1.961387469296444364e+00 -1.992144243840607176e+00 -1.961345536283118918e+00 -2.011862819235911815e+00 -2.051847022175750102e+00 -2.078499685433962352e+00 0.000000000000000000e+00
0.000000000000000000e+00 -2.044933834711886611e+00 -2.041784063770927471e+00 -2.008208231426729995e+00 -2.031485148889077053e+00 -1.994565318101472862e+00 -2.031743955235540966e+00 -2.008765485491874170e+00 -2.042197283170127609e+00 -2.045501979253722791e+00 0.000000000000000000e+00
0.000000000000000000e+00 -2.010015724078220156e+00 -1.995242831885635004e+00 -2.020731733077772763e+00 -1.981066967963950542e+00 -2.009409787171875905e+00 -1.980986813536188773e+00 -2.020836831059073191e+00 -1.995303893959287089e+00 -2.010559317913411803e+00 0.000000000000000000e+00
0.000000000000000000e+00 2.017300877356416056e+00 1.999954154787911165e+00 2.023311932035249949e+00 1.982497677287865967e+00 2.010036710883098543e+00 1.982238233140464656e+00 2.023356405884701559e+00 2.000005500357756816e+00 2.017553732376950126e+00 0.000000000000000000e+00
0.000000000000000000e+00 2.047605879537516493e+00 2.043343931708772043e+00 2.009691964581612034e+00 2.031743902013183334e+00 1.995254424288672057e+00 2.031911955753615384e+00 2.009580459796193708e+00 2.043288746907878650e+00 2.047734176877219259e+00 0.000000000000000000e+00
0.000000000000000000e+00 2.073072705384940928e+00 2.048796604199784266e+00 2.008985992210740701e+00 1.960386493773289551e+00 1.990995550479481846e+00 1.960138032038920786e+00 2.008711044596770634e+00 2.048262658338130038e+00 2.072497843447605348e+00 0.000000000000000000e+00
0.000000000000000000e+00 2.132476004171591999e+00 2.027506327524721375e+00 2.018218199587602069e+00 2.028096848930149854e+00 1.979804149823700454e+00 2.027896570955961320e+00 2.018085905476210584e+00 2.027447341148733706e+00 2.131725568150387495e+00 0.000000000000000000e+00
0.000000000000000000e+00 0.000000000000000000e+00 0.000000000000000000e+00 0.000000000000000000e+00 0.000000000000000000e+00 0.000000000000000000e+00 0.000000000000000000e+00 0.000000000000000000e+00 0.000000000000000000e+00 0.000000000000000000e+00 0.000000000000000000e+00
