0.000000000000000000e+00 0.000000000000000000e+00 0.000000000000000000e+00 0.000000000000000000e+00 0.000000000000000000e+00 0.000000000000000000e+00 0.000000000000000000e+00 0.000000000000000000e+00 0.000000000000000000e+00 0.000000000000000000e+00 0.000000000000000000e+00
0.000000000000000000e+00 1.569319288262621404e-01 4.873026973299744713e-02 3.694473112142094423e-02 -4.209860627556260919e-04 -4.187718639473315442e-03 -1.870887748638663112e-03 -2.894636463512782060e-02 -2.062176557943009789e-02 -1.249899373878124303e-01 0.000000000000000000e+00
0.000000000000000000e+00 8.637491828815173356e-02 6.852497661721902722e-02 1.377453722963545117e-02 7.427012298002322668e-03 -6.507566031957086067e-04 -7.250188011521766472e-03 -2.483626311097764366e-03 -4.210116583948495667e-02 -7.311443431198613729e-02 0.000000000000000000e+00
0.000000000000000000e+00 4.663734017224837464e-02 3.070774918205296244e-02 1.617802120686719081e-02 -9.334609290012247946e-04 3.646012370317049068e-04 4.587161421366323100e-03 -6.165821113510427769e-03 -1.522182555144503159e-02 -3.561341164386191971e-02 0.000000000000000000e+00
0.000000000000000000e+00 1.214203890173854924e-02 1.393354766301767474e-02 4.483291215604066210e-03 2.413836765586915411e-03 1.308039697351986042e-03 1.446971726088924683e-03 1.520480458842262631e-03 -5.068363765495976711e-03 -5.000791047832951232e-03 0.000000000000000000e+00
0.000000000000000000e+00 1.080494324499108993e-03 1.493697776531280677e-03 1.447710405244604856e-03 1.566297930086290452e-03 1.368595393662894394e-03 1.260471651006807260e-03 1.620210951680078892e-03 1.408575471575418707e-03 1.529324277336959479e-03 0.000000000000000000e+00
0.000000000000000000e+00 -9.931653855514392323e-03 -1.122452029813256549e-02 -1.144529547913717034e-03 4.659963125717926560e-04 1.595324048525220261e-03 1.629448550838205698e-03 1.198938258962536614e-03 8.396786817093698091e-03 7.959968691972026111e-03 0.000000000000000000e+00
0.000000000000000000e+00 -4.444643969294693325e-02 -2.752335331526331932e-02 -1.314070833231629348e-02 4.092768597927591220e-03 3.178791082000528151e-03 -1.163420280123562012e-03 9.384826035901962585e-03 1.801695261560104511e-02 3.886794733076505415e-02 0.000000000000000000e+00
0.000000000000000000e+00 -8.340354559628601616e-02 -6.559753391726853844e-02 -1.051968618008153160e-02 -3.691355451287799561e-03 4.052104796282142603e-03 1.057585292077134649e-02 6.041708051678060937e-03 4.541392358902485160e-02 7.588078058777450452e-02 0.000000000000000000e+00
0.000000000000000000e+00 -1.554192651023310334e-01 -4.535686481377168566e-02 -3.251326259492455517e-02 4.144638017346376907e-03 6.738037294129600556e-03 4.689211214288628062e-03 3.264487333605295416e-02 2.472199553381447187e-02 1.281997291360972568e-01 0.000000000000000000e+00
0.000000000000000000e+00 0.000000000000000000e+00 0.000000000000000000e+00 0.000000000000000000e+00 0.000000000000000000e+00 0.000000000000000000e+00 0.000000000000000000e+00 0.000000000000000000e+00 0.000000000000000000e+00 0.000000000000000000e+00 0.000000000000000000e+00
