0.000000000000000000e+00 0.000000000000000000e+00 0.000000000000000000e+00 0.000000000000000000e+00 0.000000000000000000e+00 0.000000000000000000e+00 0.000000000000000000e+00 0.000000000000000000e+00 0.000000000000000000e+00 0.000000000000000000e+00 0.000000000000000000e+00
0.000000000000000000e+00 -1.739154949522827565e+00 -1.696461352445693516e+00 -1.629148397615295840e+00 -1.630333696286583978e+00 -1.637433899783628410e+00 -1.679505124756463186e+00 -1.723406491880105529e+00 -1.811201137357675073e+00 -1.879847405715346920e+00 0.000000000000000000e+00
0.000000000000000000e+00 -1.856516614623163752e+00 -1.704963802739450474e+00 -1.671055115824202408e+00 -1.617492944295644275e+00 -1.651897665033495777e+00 -1.664254544901037969e+00 -1.748888717474645915e+00 -1.806188548511005632e+00 -1.958956587993566867e+00 0.000000000000000000e+00
0.000000000000000000e+00 -1.829981214389672317e+00 -1.777253885762649199e+00 -1.653522920356836456e+00 -1.646728803595476798e+00 -1.621144953968969293e+00 -1.689202173535684581e+00 -1.723928630942435758e+00 -1.863342806138044816e+00 -1.931286974635462395e+00 0.000000000000000000e+00
0.000000000000000000e+00 -1.874829322106040808e+00 -1.747297686888618751e+00 -1.704408660143475807e+00 -1.607806510460459526e+00 -1.653393575221228762e+00 -1.647846276069683924e+00 -1.767430327821407188e+00 -1.831288577902389969e+00 -1.966074032646534686e+00 0.000000000000000000e+00
0.000000000000000000e+00 -1.828581533630036393e+00 -1.794847164473221568e+00 -1.662811332098749650e+00 -1.650581774863029594e+00 -1.610028941681069359e+00 -1.687550267700598017e+00 -1.726777443923535715e+00 -1.874494567872811990e+00 -1.919250161687811929e+00 0.000000000000000000e+00
0.000000000000000000e+00 -1.874990172698941970e+00 -1.746900699581451111e+00 -1.705018385898231070e+00 -1.607860336994839878e+00 -1.653926288915596565e+00 -1.647268055346539528e+00 -1.767296233695924146e+00 -1.830649497890433963e+00 -1.966251437253502266e+00 0.000000000000000000e+00
0.000000000000000000e+00 -1.829142899881558426e+00 -1.777572818577211278e+00 -1.653661944597598188e+00 -1.648056067759488430e+00 -1.620121506079986506e+00 -1.690029316614306110e+00 -1.722624262054748723e+00 -1.863102596604719441e+00 -1.930449964743254698e+00 0.000000000000000000e+00
0.000000000000000000e+00 -1.856751176506226120e+00 -1.704286723785478630e+00 -1.672746225988469115e+00 -1.617132145308115998e+00 -1.652639568403376780e+00 -1.663327098663268888e+00 -1.749083841792882232e+00 -1.804542784118861709e+00 -1.958925958220917529e+00 0.000000000000000000e+00
0.000000000000000000e+00 -1.737503555302214675e+00 -1.696905764559398788e+00 -1.628861582510021666e+00 -1.632421164470829078e+00 -1.637183855202231308e+00 -1.679181972921945709e+00 -1.721412591623805000e+00 -1.810928277246306450e+00 -1.879133916931079229e+00 0.000000000000000000e+00
0.000000000000000000e+00 0.000000000000000000e+00 0.000000000000000000e+00 0.000000000000000000e+00 0.000000000000000000e+00 0.000000000000000000e+00 0.000000000000000000e+00 0.000000000000000000e+00 0.000000000000000000e+00 0.000000000000000000e+00 0.000000000000000000e+00
