0.00e+00 0.00e+00 0.00e+00 0.00e+00 0.00e+00 0.00e+00 0.00e+00 0.00e+00 0.00e+00 0.00e+00 0.00e+00
0.00e+00 1.40e-01 1.60e-01 1.56e-01 1.47e-01 1.35e-01 1.25e-01 1.12e-01 9.06e-02 3.83e-02 0.00e+00
0.00e+00 9.41e-02 9.28e-02 8.94e-02 8.18e-02 7.40e-02 6.48e-02 5.41e-02 3.33e-02 1.28e-03 0.00e+00
0.00e+00 6.79e-02 5.50e-02 4.56e-02 3.78e-02 3.15e-02 2.60e-02 1.76e-02 4.14e-03 -1.52e-02 0.00e+00
0.00e+00 4.89e-02 3.32e-02 2.16e-02 1.26e-02 7.64e-03 4.56e-03 -5.63e-04 -1.15e-02 -2.58e-02 0.00e+00
0.00e+00 3.62e-02 2.08e-02 1.03e-02 3.06e-03 4.94e-06 -3.05e-03 -1.03e-02 -2.08e-02 -3.62e-02 0.00e+00
0.00e+00 2.58e-02 1.16e-02 5.85e-04 -4.54e-03 -7.63e-03 -1.26e-02 -2.16e-02 -3.32e-02 -4.89e-02 0.00e+00
0.00e+00 1.53e-02 -4.11e-03 -1.76e-02 -2.60e-02 -3.15e-02 -3.78e-02 -4.56e-02 -5.50e-02 -6.79e-02 0.00e+00
0.00e+00 -1.27e-03 -3.33e-02 -5.40e-02 -6.48e-02 -7.40e-02 -8.18e-02 -8.94e-02 -9.29e-02 -9.41e-02 0.00e+00
0.00e+00 -3.83e-02 -9.06e-02 -1.12e-01 -1.25e-01 -1.35e-01 -1.47e-01 -1.56e-01 -1.60e-01 -1.40e-01 0.00e+00
0.00e+00 0.00e+00 0.00e+00 0.00e+00 0.00e+00 0.00e+00 0.00e+00 0.00e+00 0.00e+00 0.00e+00 0.00e+00
